name: ryzenai-diffusion
channels:
  - conda-forge
  - defaults
dependencies:
  - bzip2=1.0.8=hcfcfb64_5
  - ca-certificates=2024.2.2=h56e8100_0
  - cmake=3.27.9=hf0feee3_0
  - krb5=1.21.2=heb0366b_0
  - libcurl=8.5.0=hd5e4a3a_0
  - libexpat=2.5.0=h63175ca_1
  - libffi=3.4.2=h8ffe710_5
  - libsqlite=3.45.1=hcfcfb64_0
  - libssh2=1.11.0=h7dfc565_0
  - libuv=1.47.0=hcfcfb64_0
  - libzlib=1.2.13=hcfcfb64_5
  - openssl=3.2.1=hcfcfb64_0
  - pip=24.0=pyhd8ed1ab_0
  - python=3.10.13=h4de0772_1_cpython
  - setuptools=69.1.1=pyhd8ed1ab_0
  - tk=8.6.13=h5226925_1
  - tzdata=2024a=h0c530f3_0
  - ucrt=10.0.22621.0=h57928b3_0
  - vc=14.3=hcf57466_18
  - vc14_runtime=14.38.33130=h82b7239_18
  - vs2015_runtime=14.38.33130=hcb4865c_18
  - wheel=0.42.0=pyhd8ed1ab_0
  - xz=5.2.6=h8d14728_0
  - zstd=1.5.5=h12be248_0
  - pip:
      - onnxruntime-extensions==0.11.0+2bf2600
prefix: C:\Users\yraparti\AppData\Local\anaconda3\envs\ryzenai-diffusion
